"","1","2","3","4","5","6","7","8","9","10","11","12","13","14","15","16","17","18","19","20","21","22","23","24","25","26","27","28","29","30","31","32","33","34","35","36","37","38","39","40","41","42","43","44","45","46","47","48","49","50","51","52","53","54","55","56","57","58","59","60","61","62","63","64","65","66","67","68","69","70","71","72","73","74","75","76","77","78","79","80","81","82","83","84","85","86","87","88","89","90","91","92","93","94","95","96","97","98","99","100","101","102","103","104","105","106","107","108","109","110","111","112","113","114","115","116","117","118","119","120","121","122","123","124","125","126","127","128","129","130","131","132","133","134","135","136","137","138"
"1",0,-9399.53614473157,-8569.97724557319,-3395.21967743762,-41682.1854603601,-43511.5196673371,-32172.5207925677,20648.8294711687,19974.8296053159,26791.2707362817,-77037.0291087281,-7138.85583952651,-17250.596827062,-56621.2226031969,-67792.5276031261,3967.8199060341,12231.9948663801,24056.3758244981,5114.59374831058,-7958.00649212848,-25134.1846168492,-33704.2322393631,-44123.0045219299,-88472.1713755361,-82206.7055209437,-23201.2336642329,-15088.0091655114,-35707.8843393736,-20837.541189639,-39923.7467869587,-49163.4150706372,-71442.1550311117,2673.93243984337,7675.17077722802,16437.6338992363,27290.3772322747,-75550.9591549819,2544.01567377383,36962.7483485294,-41604.3544880074,-15447.5463934513,-695.315253157867,49573.0562154655,47227.7913768187,-61766.2448783756,-27995.2661529212,-84607.139039043,-97285.0462866282,-111540.88839158,-128799.774714251,-115240.125586158,-109324.19297579,-96306.0641255535,-55753.4208993925,40676.9337120479,41468.8261076066,26525.4649111558,11013.3164629644,-14872.4471615751,-105814.114462206,-107397.709812231,-117511.292499662,-115848.529090468,-114063.681735031,-111967.754610427,-146493.48233693,-145391.579711221,26300.0540474903,14018.240879597,-1181.7310300814,-55180.1431173339,-88084.2052280531,-117816.594287718,-175623.080550132,-159678.521327451,-138211.910333767,-119221.288176401,-135744.272064091,-141406.881851453,-141906.881851453,-137730.743187892,-131113.645003396,-136104.472636065,-64286.6291876701,-61154.541806896,-51979.8976496361,-29222.0079435188,-3967.52429572999,-5018.40382201591,-3260.39534562198,-2656.44991886406,38404.8060768773,-21074.2474234245,-25685.6285915428,-100926.842857722,-104649.404733432,-199425.812543107,-205175.574888797,-190811.852549941,-177284.689498652,-168329.863774649,-241582.287847741,-241582.287847741,-241006.273585699,-237585.546030111,-238430.083312963,-237565.228113381,-222863.430842444,-305281.43915365,-301180.514169285,-308690.41396869,-326593.648116193,-242013.689239859,-251838.762145106,-250796.271671758,-220416.460343659,-222803.43430766,-219024.867273735,-295935.363756595,-271447.142857372,-240422.871706917,-308484.818692042,-302082.247823215,-329618.15954328,-330226.474491707,-261373.630360266,-265504.60148564,-268450.663552155,-269798.112526638,-256506.424782651,-266714.957375138,-252857.258005089,-268414.386330937,-290992.840527223,-266131.737380248,-323181.702168006,-307256.101923221,-231016.317880114
"2",9399.53614473157,0,829.558899158379,6004.31646729395,-32282.6493156286,-34111.9835226056,-22772.9846478361,30048.3656159003,29374.3657500474,36190.8068810133,-67637.4929639965,2260.68030520505,-7851.06068233046,-47221.6864584654,-58392.9914583945,13367.3560507657,21631.5310111117,33455.9119692297,14514.1298930421,1441.52965260309,-15734.6484721177,-24304.6960946315,-34723.4683771984,-79072.6352308045,-72807.1693762121,-13801.6975195014,-5688.47302077978,-26308.3481946421,-11438.0050449074,-30524.2106422271,-39763.8789259056,-62042.6188863802,12073.4685845749,17074.7069219596,25837.1700439679,36689.9133770062,-66151.4230102504,11943.5518185054,46362.284493261,-32204.8183432759,-6048.01024871971,8704.2208915737,58972.5923601971,56627.3275215502,-52366.708733644,-18595.7300081896,-75207.6028943114,-87885.5101418967,-102141.352246848,-119400.238569519,-105840.589441426,-99924.656831058,-86906.5279808219,-46353.8847546609,50076.4698567794,50868.3622523381,35925.0010558874,20412.852607696,-5472.91101684357,-96414.5783174743,-97998.1736674991,-108111.756354931,-106448.992945736,-104664.145590299,-102568.218465695,-137093.946192199,-135992.043566489,35699.5901922219,23417.7770243285,8217.80511465017,-45780.6069726023,-78684.6690833215,-108417.058142986,-166223.544405401,-150278.985182719,-128812.374189036,-109821.75203167,-126344.735919359,-132007.345706722,-132507.345706722,-128331.207043161,-121714.108858665,-126704.936491333,-54887.0930429386,-51755.0056621644,-42580.3615049046,-19822.4717987872,5432.01184900157,4381.13232271565,6139.14079910959,6743.0862258675,47804.3422216089,-11674.7112786929,-16286.0924468113,-91527.3067129904,-95249.8685887008,-190026.276398375,-195776.038744066,-181412.316405209,-167885.15335392,-158930.327629918,-232182.751703009,-232182.751703009,-231606.737440967,-228186.009885379,-229030.547168232,-228165.69196865,-213463.894697713,-295881.903008919,-291780.978024554,-299290.877823958,-317194.111971462,-232614.153095127,-242439.226000375,-241396.735527026,-211016.924198927,-213403.898162928,-209625.331129003,-286535.827611863,-262047.606712641,-231023.335562186,-299085.282547311,-292682.711678483,-320218.623398548,-320826.938346976,-251974.094215534,-256105.065340909,-259051.127407423,-260398.576381906,-247106.888637919,-257315.421230407,-243457.721860358,-259014.850186205,-281593.304382491,-256732.201235516,-313782.166023274,-297856.56577849,-221616.781735383
"3",8569.97724557319,-829.558899158379,0,5174.75756813557,-33112.208214787,-34941.5424217639,-23602.5435469945,29218.8067167419,28544.8068508891,35361.2479818549,-68467.0518631549,1431.12140604667,-8680.61958148883,-48051.2453576237,-59222.5503575529,12537.7971516073,20801.9721119533,32626.3530700713,13684.5709938838,611.970753444708,-16564.207371276,-25134.2549937899,-35553.0272763568,-79902.1941299629,-73636.7282753705,-14631.2564186598,-6518.03191993816,-27137.9070938004,-12267.5639440658,-31353.7695413855,-40593.437825064,-62872.1777855385,11243.9096854166,16245.1480228012,25007.6111448095,35860.3544778479,-66980.9819094088,11113.992919347,45532.7255941026,-33034.3772424342,-6877.56914787809,7874.66199241532,58143.0334610387,55797.7686223919,-53196.2676328024,-19425.288907348,-76037.1617934698,-88715.069041055,-102970.911146007,-120229.797468678,-106670.148340585,-100754.215730216,-87736.0868799803,-47183.4436538193,49246.9109576211,50038.8033531798,35095.442156729,19583.2937085376,-6302.46991600195,-97244.1372166327,-98827.7325666575,-108941.315254089,-107278.551844895,-105493.704489457,-103397.777364854,-137923.505091357,-136821.602465648,34870.0312930635,22588.2181251702,7388.24621549179,-46610.1658717607,-79514.2279824799,-109246.617042145,-167053.103304559,-151108.544081877,-129641.933088194,-110651.310930828,-127174.294818518,-132836.90460588,-133336.90460588,-129160.765942319,-122543.667757823,-127534.495390492,-55716.6519420969,-52584.5645613228,-43409.920404063,-20652.0306979456,4602.45294984319,3551.57342355727,5309.58189995121,5913.52732670913,46974.7833224505,-12504.2701778513,-17115.6513459696,-92356.8656121488,-96079.4274878592,-190855.835297533,-196605.597643224,-182241.875304368,-168714.712253079,-159759.886529076,-233012.310602168,-233012.310602168,-232436.296340125,-229015.568784538,-229860.10606739,-228995.250867808,-214293.453596871,-296711.461908077,-292610.536923712,-300120.436723117,-318023.67087062,-233443.711994286,-243268.784899533,-242226.294426184,-211846.483098086,-214233.457062087,-210454.890028162,-287365.386511022,-262877.165611799,-231852.894461344,-299914.841446469,-293512.270577642,-321048.182297706,-321656.497246134,-252803.653114693,-256934.624240067,-259880.686306582,-261228.135281065,-247936.447537078,-258144.980129565,-244287.280759516,-259844.409085364,-282422.86328165,-257561.760134675,-314611.724922433,-298686.124677648,-222446.340634541
"4",3395.21967743762,-6004.31646729395,-5174.75756813557,0,-38286.9657829225,-40116.2999898995,-28777.3011151301,24044.0491486063,23370.0492827535,30186.4904137193,-73641.8094312905,-3743.63616208889,-13855.3771496244,-53226.0029257593,-64397.3079256885,7363.03958347172,15627.2145438177,27451.5955019357,8509.8134257482,-4562.78681469086,-21738.9649394116,-30309.0125619255,-40727.7848444923,-85076.9516980984,-78811.4858435061,-19806.0139867953,-11692.7894880737,-32312.664661936,-17442.3215122014,-36528.527109521,-45768.1953931996,-68046.9353536741,6069.15211728099,11070.3904546656,19832.853576674,30685.5969097123,-72155.7394775443,5939.23535121145,40357.968025967,-38209.1348105698,-12052.3267160137,2699.90442427975,52968.2758929032,50623.0110542563,-58371.025200938,-24600.0464754836,-81211.9193616054,-93889.8266091906,-108145.668714142,-125404.555036813,-111844.90590872,-105928.973298352,-92910.8444481159,-52358.2012219549,44072.1533894855,44864.0457850442,29920.6845885934,14408.536140402,-11477.2274841375,-102418.894784768,-104002.490134793,-114116.072822225,-112453.30941303,-110668.462057593,-108572.534932989,-143098.262659493,-141996.360033783,29695.2737249279,17413.4605570346,2213.48864735622,-51784.9234398963,-84688.9855506155,-114421.37461028,-172227.860872695,-156283.301650013,-134816.69065633,-115826.068498964,-132349.052386653,-138011.662174016,-138511.662174016,-134335.523510455,-127718.425325959,-132709.252958627,-60891.4095102325,-57759.3221294584,-48584.6779721985,-25826.7882660812,-572.304618292372,-1623.18414457829,134.824331815646,738.769758573559,41800.0257543149,-17679.0277459869,-22290.4089141052,-97531.6231802843,-101254.185055995,-196030.592865669,-201780.35521136,-187416.632872503,-173889.469821214,-164934.644097212,-238187.068170303,-238187.068170303,-237611.053908261,-234190.326352673,-235034.863635526,-234170.008435944,-219468.211165007,-301886.219476213,-297785.294491848,-305295.194291252,-323198.428438756,-238618.469562421,-248443.542467669,-247401.05199432,-217021.240666221,-219408.214630222,-215629.647596297,-292540.144079157,-268051.923179935,-237027.65202948,-305089.599014604,-298687.028145777,-326222.939865842,-326831.25481427,-257978.410682828,-262109.381808203,-265055.443874717,-266402.8928492,-253111.205105213,-263319.737697701,-249462.038327652,-265019.166653499,-287597.620849785,-262736.51770281,-319786.482490568,-303860.882245784,-227621.098202677
"5",41682.1854603601,32282.6493156286,33112.208214787,38286.9657829225,0,-1829.33420697699,9509.66466779244,62331.0149315288,61657.015065676,68473.4561966418,-35354.843648368,34543.3296208336,24431.5886332981,-14939.0371428368,-26110.3421427659,45650.0053663942,53914.1803267403,65738.5612848583,46796.7792086707,33724.1789682317,16548.0008435109,7977.95322099706,-2440.81906156981,-46789.9859151759,-40524.5200605835,18480.9517961272,26594.1762948488,5974.30112098652,20844.6442707211,1758.43867340148,-7481.22961027705,-29759.9695707516,44356.1179002035,49357.3562375882,58119.8193595965,68972.5626926348,-33868.7736946218,44226.201134134,78644.9338088895,77.8309723527054,26234.6390669089,40986.8702072023,91255.2416758257,88909.9768371788,-20084.0594180155,13686.9193074389,-42924.9535786828,-55602.8608262681,-69858.7029312197,-87117.5892538906,-73557.9401257977,-67642.0075154295,-54623.8786651933,-14071.2354390324,82359.119172408,83151.0115679667,68207.6503715159,52695.5019233245,26809.738298785,-64131.9290018457,-65715.5243518705,-75829.1070393024,-74166.3436301077,-72381.4962746704,-70285.5691500666,-104811.29687657,-103709.394250861,67982.2395078504,55700.4263399571,40500.4544302787,-13497.9576569737,-46402.019767693,-76134.4088273579,-133940.895089772,-117996.33586709,-96529.7248734072,-77539.1027160413,-94062.0866037307,-99724.6963910932,-100224.696391093,-96048.5577275321,-89431.4595430363,-94422.2871757047,-22604.44372731,-19472.3563465358,-10297.712189276,12460.1775168413,37714.6611646301,36663.7816383442,38421.7901147382,39025.7355414961,80086.9915372374,20607.9380369356,15996.5568688173,-59244.6573973618,-62967.2192730723,-157743.627082746,-163493.389428437,-149129.667089581,-135602.504038292,-126647.678314289,-199900.102387381,-199900.102387381,-199324.088125338,-195903.360569751,-196747.897852603,-195883.042653021,-181181.245382084,-263599.25369329,-259498.328708925,-267008.22850833,-284911.462655833,-200331.503779499,-210156.576684746,-209114.086211398,-178734.274883299,-181121.2488473,-177342.681813375,-254253.178296235,-229764.957397012,-198740.686246557,-266802.633231682,-260400.062362855,-287935.97408292,-288544.289031347,-219691.444899906,-223822.41602528,-226768.478091795,-228115.927066278,-214824.239322291,-225032.771914778,-211175.072544729,-226732.200870577,-249310.655066863,-224449.551919888,-281499.516707646,-265573.916462861,-189334.132419754
"6",43511.5196673371,34111.9835226056,34941.5424217639,40116.2999898995,1829.33420697699,0,11338.9988747694,64160.3491385058,63486.349272653,70302.7904036188,-33525.509441391,36372.6638278106,26260.9228402751,-13109.7029358598,-24281.0079357889,47479.3395733712,55743.5145337172,67567.8954918353,48626.1134156477,35553.5131752086,18377.3350504879,9807.28742797405,-611.484854592825,-44960.6517081989,-38695.1858536066,20310.2860031042,28423.5105018258,7803.63532796351,22673.9784776981,3587.77288037847,-5651.89540330006,-27930.6353637746,46185.4521071805,51186.6904445651,59949.1535665735,70801.8968996118,-32039.4394876448,46055.535341111,80474.2680158665,1907.16517932969,28063.9732738858,42816.2044141793,93084.5758828027,90739.3110441558,-18254.7252110385,15516.2535144159,-41095.6193717059,-53773.5266192911,-68029.3687242427,-85288.2550469136,-71728.6059188207,-65812.6733084525,-52794.5444582163,-12241.9012320554,84188.453379385,84980.3457749437,70036.9845784929,54524.8361303015,28639.072505762,-62302.5947948687,-63886.1901448935,-73999.7728323254,-72337.0094231307,-70552.1620676934,-68456.2349430896,-102981.962669593,-101880.060043884,69811.5737148274,57529.7605469341,42329.7886372557,-11668.6234499968,-44572.685560716,-74305.0746203809,-132111.560882795,-116167.001660113,-94700.3906664302,-75709.7685090643,-92232.7523967538,-97895.3621841162,-98395.3621841163,-94219.2235205551,-87602.1253360593,-92592.9529687277,-20775.109520333,-17643.0221395589,-8468.37798229902,14289.5117238183,39543.9953716071,38493.1158453212,40251.1243217151,40855.0697484731,81916.3257442144,22437.2722439126,17825.8910757943,-57415.3231903848,-61137.8850660953,-155914.292875769,-161664.05522146,-147300.332882604,-133773.169831315,-124818.344107312,-198070.768180404,-198070.768180404,-197494.753918361,-194074.026362774,-194918.563645626,-194053.708446044,-179351.911175107,-261769.919486313,-257668.994501948,-265178.894301353,-283082.128448856,-198502.169572522,-208327.242477769,-207284.752004421,-176904.940676322,-179291.914640323,-175513.347606398,-252423.844089258,-227935.623190035,-196911.35203958,-264973.299024705,-258570.728155878,-286106.639875943,-286714.95482437,-217862.110692929,-221993.081818303,-224939.143884818,-226286.592859301,-212994.905115314,-223203.437707801,-209345.738337752,-224902.8666636,-247481.320859886,-222620.217712911,-279670.182500669,-263744.582255884,-187504.798212777
"7",32172.5207925677,22772.9846478361,23602.5435469945,28777.3011151301,-9509.66466779244,-11338.9988747694,0,52821.3502637364,52147.3503978836,58963.7915288494,-44864.5083161604,25033.6649530412,14921.9239655057,-24448.7018106292,-35620.0068105584,36140.3406986018,44404.5156589478,56228.8966170658,37287.1145408783,24214.5143004392,7038.33617571846,-1531.71144679538,-11950.4837293623,-56299.6505829684,-50034.184728376,8971.28712833475,17084.5116270563,-3535.36354680592,11334.9796029287,-7751.22599439096,-16990.8942780695,-39269.634238544,34846.4532324111,39847.6915697957,48610.154691804,59462.8980248424,-43378.4383624143,34716.5364663415,69135.2691410971,-9431.83369543974,16724.9743991164,31477.2055394098,81745.5770080332,79400.3121693864,-29593.7240858079,4177.2546396465,-52434.6182464753,-65112.5254940605,-79368.3675990122,-96627.2539216831,-83067.6047935901,-77151.6721832219,-64133.5433329858,-23580.9001068248,72849.4545046156,73641.3469001743,58697.9857037235,43185.8372555321,17300.0736309926,-73641.5936696382,-75225.189019663,-85338.7717070948,-83676.0082979001,-81891.1609424629,-79795.233817859,-114320.961544363,-113219.058918653,58472.574840058,46190.7616721647,30990.7897624863,-23007.6223247662,-55911.6844354854,-85644.0734951503,-143450.559757565,-127506.000534883,-106039.3895412,-87048.7673838337,-103571.751271523,-109234.361058886,-109734.361058886,-105558.222395324,-98941.1242108287,-103931.951843497,-32114.1083951024,-28982.0210143283,-19807.3768570684,2950.51284904889,28204.9964968377,27154.1169705518,28912.1254469457,29516.0708737036,70577.326869445,11098.2733691432,6486.89220102486,-68754.3220651543,-72476.8839408647,-167253.291750539,-173003.05409623,-158639.331757373,-145112.168706084,-136157.342982082,-209409.767055173,-209409.767055173,-208833.752793131,-205413.025237543,-206257.562520396,-205392.707320814,-190690.910049877,-273108.918361082,-269007.993376717,-276517.893176122,-294421.127323625,-209841.168447291,-219666.241352538,-218623.75087919,-188243.939551091,-190630.913515092,-186852.346481167,-263762.842964027,-239274.622064804,-208250.35091435,-276312.297899474,-269909.727030647,-297445.638750712,-298053.95369914,-229201.109567698,-233332.080693073,-236278.142759587,-237625.59173407,-224333.903990083,-234542.436582571,-220684.737212522,-236241.865538369,-258820.319734655,-233959.21658768,-291009.181375438,-275083.581130654,-198843.797087547
"8",-20648.8294711687,-30048.3656159003,-29218.8067167419,-24044.0491486063,-62331.0149315288,-64160.3491385058,-52821.3502637364,0,-673.99986585282,6142.44126511301,-97685.8585798968,-27787.6853106952,-37899.4262982307,-77270.0520743656,-88441.3570742948,-16681.0095651346,-8416.83460478857,3407.54635332944,-15534.2357228581,-28606.8359632972,-45783.0140880179,-54353.0617105318,-64771.8339930986,-109121.000846705,-102855.534992112,-43850.0631354016,-35736.83863668,-56356.7138105423,-41486.3706608077,-60572.5762581273,-69812.2445418059,-92090.9845022804,-17974.8970313253,-12973.6586939407,-4211.19557193236,6641.54776110599,-96199.7886261506,-18104.8137973949,16313.9188773607,-62253.1839591761,-36096.37586462,-21344.1447243266,28924.2267442968,26578.96190565,-82415.0743495443,-48644.0956240899,-105255.968510212,-117933.875757797,-132189.717862749,-149448.604185419,-135888.955057327,-129973.022446958,-116954.893596722,-76402.2503705612,20028.1042408792,20819.9966364379,5876.63543998712,-9635.51300820429,-35521.2766327438,-126462.943933375,-128046.539283399,-138160.121970831,-136497.358561637,-134712.511206199,-132616.584081595,-167142.311808099,-166040.40918239,5651.22457632161,-6630.58859157172,-21830.5605012501,-75828.9725885026,-108733.034699222,-138465.423758887,-196271.910021301,-180327.350798619,-158860.739804936,-139870.11764757,-156393.10153526,-162055.711322622,-162555.711322622,-158379.572659061,-151762.474474565,-156753.302107234,-84935.4586588388,-81803.3712780647,-72628.7271208048,-49870.8374146875,-24616.3537668987,-25667.2332931846,-23909.2248167907,-23305.2793900328,17755.9766057086,-41723.0768945932,-46334.4580627115,-121575.672328891,-125298.234204601,-220074.642014275,-225824.404359966,-211460.682021109,-197933.518969821,-188978.693245818,-262231.11731891,-262231.11731891,-261655.103056867,-258234.37550128,-259078.912784132,-258214.05758455,-243512.260313613,-325930.268624819,-321829.343640454,-329339.243439859,-347242.477587362,-262662.518711028,-272487.591616275,-271445.101142926,-241065.289814828,-243452.263778828,-239673.696744903,-316584.193227764,-292095.972328541,-261071.701178086,-329133.648163211,-322731.077294384,-350266.989014448,-350875.303962876,-282022.459831435,-286153.430956809,-289099.493023323,-290446.941997807,-277155.25425382,-287363.786846307,-273506.087476258,-289063.215802106,-311641.669998392,-286780.566851417,-343830.531639175,-327904.93139439,-251665.147351283
"9",-19974.8296053159,-29374.3657500474,-28544.8068508891,-23370.0492827535,-61657.015065676,-63486.349272653,-52147.3503978836,673.99986585282,0,6816.44113096583,-97011.858714044,-27113.6854448424,-37225.4264323779,-76596.0522085128,-87767.3572084419,-16007.0096992818,-7742.83473893575,4081.54621918226,-14860.2358570053,-27932.8360974443,-45109.0142221651,-53679.0618446789,-64097.8341272458,-108447.000980852,-102181.53512626,-43176.0632695488,-35062.8387708272,-55682.7139446895,-40812.3707949549,-59898.5763922745,-69138.2446759531,-91416.9846364276,-17300.8971654725,-12299.6588280878,-3537.19570607954,7315.54762695881,-95525.7887602978,-17430.813931542,16987.9187432135,-61579.1840933233,-35422.3759987672,-20670.1448584737,29598.2266101497,27252.9617715028,-81741.0744836915,-47970.0957582371,-104581.968644359,-117259.875891944,-131515.717996896,-148774.604319567,-135214.955191474,-129299.022581105,-116280.893730869,-75728.2505047084,20702.104106732,21493.9965022907,6550.63530583994,-8961.51314235147,-34847.276766891,-125788.944067522,-127372.539417547,-137486.122104978,-135823.358695784,-134038.511340346,-131942.584215743,-166468.311942246,-165366.409316537,6325.22444217443,-5956.5887257189,-21156.5606353973,-75154.9727226497,-108059.034833369,-137791.423893034,-195597.910155448,-179653.350932766,-158186.739939083,-139196.117781717,-155719.101669407,-161381.711456769,-161881.711456769,-157705.572793208,-151088.474608712,-156079.302241381,-84261.458792986,-81129.3714122119,-71954.727254952,-49196.8375488347,-23942.3539010459,-24993.2334273318,-23235.2249509378,-22631.2795241799,18429.9764715614,-41049.0770287404,-45660.4581968587,-120901.672463038,-124624.234338748,-219400.642148422,-225150.404494113,-210786.682155257,-197259.519103968,-188304.693379965,-261557.117453057,-261557.117453057,-260981.103191014,-257560.375635427,-258404.912918279,-257540.057718697,-242838.26044776,-325256.268758966,-321155.343774601,-328665.243574006,-346568.477721509,-261988.518845175,-271813.591750422,-270771.101277073,-240391.289948975,-242778.263912976,-238999.696879051,-315910.193361911,-291421.972462688,-260397.701312233,-328459.648297358,-322057.077428531,-349592.989148596,-350201.304097023,-281348.459965582,-285479.431090956,-288425.493157471,-289772.942131954,-276481.254387967,-286689.786980454,-272832.087610405,-288389.215936253,-310967.670132539,-286106.566985564,-343156.531773322,-327230.931528537,-250991.14748543
"10",-26791.2707362817,-36190.8068810133,-35361.2479818549,-30186.4904137193,-68473.4561966418,-70302.7904036188,-58963.7915288494,-6142.44126511301,-6816.44113096583,0,-103828.29984501,-33930.1265758082,-44041.8675633437,-83412.4933394786,-94583.7983394078,-22823.4508302476,-14559.2758699016,-2734.89491178357,-21676.6769879711,-34749.2772284102,-51925.4553531309,-60495.5029756448,-70914.2752582117,-115263.442111818,-108997.976257225,-49992.5044005146,-41879.2799017931,-62499.1550756553,-47628.8119259207,-66715.0175232404,-75954.6858069189,-98233.4257673934,-24117.3382964383,-19116.0999590537,-10353.6368370454,499.106495992979,-102342.229891264,-24247.2550625079,10171.4776122477,-68395.6252242891,-42238.817129733,-27486.5859894396,22781.7854791838,20436.520640537,-88557.5156146573,-54786.5368892029,-111398.409775325,-124076.31702291,-138332.159127862,-155591.045450532,-142031.39632244,-136115.463712071,-123097.334861835,-82544.6916356742,13885.6629757662,14677.5553713249,-265.805825125892,-15777.9542733173,-41663.7178978568,-132605.385198488,-134188.980548512,-144302.563235944,-142639.79982675,-140854.952471312,-138759.025346708,-173284.753073212,-172182.850447503,-491.216688791406,-12773.0298566847,-27973.0017663631,-81971.4138536156,-114875.475964335,-144607.865024,-202414.351286414,-186469.792063732,-165003.181070049,-146012.558912683,-162535.542800373,-168198.152587735,-168698.152587735,-164522.013924174,-157904.915739678,-162895.743372347,-91077.8999239518,-87945.8125431777,-78771.1683859178,-56013.2786798005,-30758.7950320117,-31809.6745582976,-30051.6660819037,-29447.7206551458,11613.5353405956,-47865.5181597062,-52476.8993278245,-127718.113594004,-131440.675469714,-226217.083279388,-231966.845625079,-217603.123286222,-204075.960234934,-195121.134510931,-268373.558584023,-268373.558584023,-267797.54432198,-264376.816766393,-265221.354049245,-264356.498849663,-249654.701578726,-332072.709889932,-327971.784905567,-335481.684704972,-353384.918852475,-268804.959976141,-278630.032881388,-277587.542408039,-247207.731079941,-249594.705043942,-245816.138010016,-322726.634492877,-298238.413593654,-267214.142443199,-335276.089428324,-328873.518559497,-356409.430279561,-357017.745227989,-288164.901096548,-292295.872221922,-295241.934288436,-296589.38326292,-283297.695518933,-293506.22811142,-279648.528741371,-295205.657067219,-317784.111263505,-292923.00811653,-349972.972904288,-334047.372659503,-257807.588616396
"11",77037.0291087281,67637.4929639965,68467.0518631549,73641.8094312905,35354.843648368,33525.509441391,44864.5083161604,97685.8585798968,97011.858714044,103828.29984501,0,69898.1732692016,59786.4322816661,20415.8065055312,9244.50150560203,81004.8490147622,89269.0239751082,101093.404933226,82151.6228570387,69079.0226165996,51902.8444918789,43332.796869365,32914.0245867982,-11435.142266808,-5169.67641221557,53835.7954444952,61949.0199432168,41329.1447693545,56199.4879190891,37113.2823217695,27873.6140380909,5594.87407761638,79710.9615485715,84712.1998859561,93474.6630079644,104327.406341003,1486.06995374616,79581.0447825019,113999.777457257,35432.6746207207,61589.4827152768,76341.7138555702,126610.085324194,124264.820485547,15270.7842303525,49041.7629558069,-7570.10993031488,-20248.0171779001,-34503.8592828517,-51762.7456055227,-38203.0964774297,-32287.1638670615,-19269.0350168254,21283.6082093356,117713.962820776,118505.855216335,103562.494019884,88050.3455716925,62164.581947153,-28777.0853534777,-30360.6807035026,-40474.2633909344,-38811.4999817397,-37026.6526263024,-34930.7255016986,-69456.4532282022,-68354.5506024928,103337.083156218,91055.2699883251,75855.2980786467,21856.8859913942,-11047.176119325,-40779.5651789899,-98586.0514414044,-82641.4922187225,-61174.8812250392,-42184.2590676733,-58707.2429553628,-64369.8527427252,-64869.8527427253,-60693.7140791641,-54076.6158946683,-59067.4435273368,12750.399921058,15882.4873018321,25057.131459092,47815.0211652093,73069.5048129981,72018.6252867122,73776.6337631061,74380.579189864,115441.835185605,55962.7816853036,51351.4005171853,-23889.8137489939,-27612.3756247043,-122388.783434378,-128138.545780069,-113774.823441213,-100247.660389924,-91292.8346659211,-164545.258739013,-164545.258739013,-163969.24447697,-160548.516921383,-161393.054204235,-160528.199004653,-145826.401733716,-228244.410044922,-224143.485060557,-231653.384859962,-249556.619007465,-164976.660131131,-174801.733036378,-173759.24256303,-143379.431234931,-145766.405198932,-141987.838165007,-218898.334647867,-194410.113748644,-163385.842598189,-231447.789583314,-225045.218714487,-252581.130434552,-253189.445382979,-184336.601251538,-188467.572376912,-191413.634443427,-192761.08341791,-179469.395673923,-189677.92826641,-175820.228896361,-191377.357222209,-213955.811418495,-189094.70827152,-246144.673059278,-230219.072814493,-153979.288771386
"12",7138.85583952651,-2260.68030520505,-1431.12140604667,3743.63616208889,-34543.3296208336,-36372.6638278106,-25033.6649530412,27787.6853106952,27113.6854448424,33930.1265758082,-69898.1732692016,0,-10111.7409875355,-49482.3667636704,-60653.6717635996,11106.6757455606,19370.8507059066,31195.2316640246,12253.4495878371,-819.150652601966,-17995.3287773227,-26565.3763998366,-36984.1486824034,-81333.3155360096,-75067.8496814172,-16062.3778247064,-7949.15332598484,-28569.0284998471,-13698.6853501125,-32784.8909474321,-42024.5592311107,-64303.2991915852,9812.78827936988,14814.0266167545,23576.4897387628,34429.2330718012,-68412.1033154554,9682.87151330034,44101.6041880559,-34465.4986484809,-8308.69055392477,6443.54058636865,56711.912054992,54366.6472163452,-54627.3890388491,-20856.4103133947,-77468.2831995165,-90146.1904471017,-104402.032552053,-121660.918874724,-108101.269746631,-102185.337136263,-89167.208286027,-48614.565059866,47815.7895515744,48607.6819471331,33664.3207506823,18152.1723024909,-7733.59132204863,-98675.2586226793,-100258.853972704,-110372.436660136,-108709.673250941,-106924.825895504,-104828.8987709,-139354.626497404,-138252.723871694,33438.9098870168,21157.0967191235,5957.12480944511,-48041.2872778074,-80945.3493885266,-110677.738448191,-168484.224710606,-152539.665487924,-131073.054494241,-112082.432336875,-128605.416224564,-134268.026011927,-134768.026011927,-130591.887348366,-123974.78916387,-128965.616796538,-57147.7733481436,-54015.6859673695,-44841.0418101096,-22083.1521039923,3171.33154379652,2120.4520175106,3878.46049390454,4482.40592066245,45543.6619164038,-13935.391583898,-18546.7727520163,-93787.9870181954,-97510.5488939059,-192286.95670358,-198036.719049271,-183672.996710414,-170145.833659125,-161191.007935123,-234443.432008214,-234443.432008214,-233867.417746172,-230446.690190584,-231291.227473437,-230426.372273855,-215724.575002918,-298142.583314124,-294041.658329759,-301551.558129163,-319454.792276667,-234874.833400332,-244699.90630558,-243657.415832231,-213277.604504132,-215664.578468133,-211886.011434208,-288796.507917068,-264308.287017846,-233284.015867391,-301345.962852516,-294943.391983688,-322479.303703753,-323087.618652181,-254234.774520739,-258365.745646114,-261311.807712628,-262659.256687112,-249367.568943124,-259576.101535612,-245718.402165563,-261275.53049141,-283853.984687696,-258992.881540722,-316042.846328479,-300117.246083695,-223877.462040588
"13",17250.596827062,7851.06068233046,8680.61958148883,13855.3771496244,-24431.5886332981,-26260.9228402751,-14921.9239655057,37899.4262982307,37225.4264323779,44041.8675633437,-59786.4322816661,10111.7409875355,0,-39370.6257761349,-50541.9307760641,21218.4167330961,29482.5916934421,41306.9726515602,22365.1905753726,9292.59033493354,-7883.58778978721,-16453.6354123011,-26872.4076948679,-71221.574548474,-64956.1086938817,-5950.63683717092,2162.58766155067,-18457.2875123116,-3586.94436257699,-22673.1499598966,-31912.8182435752,-54191.5582040497,19924.5292669054,24925.76760429,33688.2307262984,44540.9740593367,-58300.3623279199,19794.6125008359,54213.3451755914,-24353.7576609454,1803.05043361074,16555.2815739042,66823.6530425276,64478.3882038807,-44515.6480513136,-10744.6693258592,-67356.542211981,-80034.4494595662,-94290.2915645178,-111549.177887189,-97989.5287590958,-92073.5961487276,-79055.4672984915,-38502.8240723305,57927.5305391099,58719.4229346686,43776.0617382178,28263.9132900264,2378.14966548688,-88563.5176351438,-90147.1129851686,-100260.6956726,-98597.9322634058,-96813.0849079685,-94717.1577833647,-129242.885509868,-128140.982884159,43550.6508745523,31268.837706659,16068.8657969806,-37929.5462902719,-70833.6084009911,-100565.997460656,-158372.48372307,-142427.924500389,-120961.313506705,-101970.691349339,-118493.675237029,-124156.285024391,-124656.285024391,-120480.14636083,-113863.048176334,-118853.875809003,-47036.0323606081,-43903.944979834,-34729.3008225741,-11971.4111164568,13283.072531332,12232.1930050461,13990.20148144,14594.146908198,55655.4029039393,-3823.65059636248,-8435.03176448081,-83676.2460306599,-87398.8079063704,-182175.215716045,-187924.978061735,-173561.255722879,-160034.09267159,-151079.266947587,-224331.691020679,-224331.691020679,-223755.676758637,-220334.949203049,-221179.486485901,-220314.631286319,-205612.834015382,-288030.842326588,-283929.917342223,-291439.817141628,-309343.051289131,-224763.092412797,-234588.165318044,-233545.674844696,-203165.863516597,-205552.837480598,-201774.270446673,-278684.766929533,-254196.54603031,-223172.274879855,-291234.22186498,-284831.650996153,-312367.562716218,-312975.877664645,-244123.033533204,-248254.004658578,-251200.066725093,-252547.515699576,-239255.827955589,-249464.360548076,-235606.661178027,-251163.789503875,-273742.243700161,-248881.140553186,-305931.105340944,-290005.505096159,-213765.721053052
"14",56621.2226031969,47221.6864584654,48051.2453576237,53226.0029257593,14939.0371428368,13109.7029358598,24448.7018106292,77270.0520743656,76596.0522085128,83412.4933394786,-20415.8065055312,49482.3667636704,39370.6257761349,0,-11171.3049999292,60589.042509231,68853.217469577,80677.598427695,61735.8163515075,48663.2161110684,31487.0379863477,22916.9903638338,12498.218081267,-31850.9487723392,-25585.4829177468,33419.988938964,41533.2134376856,20913.3382638233,35783.6814135579,16697.4758162383,7457.80753255973,-14820.9324279148,59295.1550430403,64296.3933804249,73058.8565024332,83911.5998354716,-18929.736551785,59165.2382769707,93583.9709517263,15016.8681151895,41173.6762097456,55925.9073500391,106194.278818662,103849.013980016,-5145.02227517869,28625.9564502757,-27985.9164358461,-40663.8236834313,-54919.6657883829,-72178.5521110538,-58618.9029829609,-52702.9703725927,-39684.8415223566,867.801703804405,97298.1563152448,98090.0487108035,83146.6875143527,67634.5390661613,41748.7754416218,-49192.8918590089,-50776.4872090337,-60890.0698964656,-59227.3064872709,-57442.4591318336,-55346.5320072298,-89872.2597337334,-88770.357108024,82921.2766506872,70639.4634827939,55439.4915731155,1441.07948586304,-31462.9826248562,-61195.3716845211,-119001.857946936,-103057.298724254,-81590.6877305704,-62600.0655732045,-79123.049460894,-84785.6592482564,-85285.6592482565,-81109.5205846953,-74492.4224001995,-79483.2500328679,-7665.40658447321,-4533.31920369907,4641.32495356078,27399.2146596781,52653.6983074669,51602.818781181,53360.8272575749,53964.7726843329,95026.0286800742,35546.9751797724,30935.5940116541,-44305.620254525,-48028.1821302355,-142804.58993991,-148554.3522856,-134190.629946744,-120663.466895455,-111708.641171452,-184961.065244544,-184961.065244544,-184385.050982502,-180964.323426914,-181808.860709767,-180944.005510184,-166242.208239247,-248660.216550453,-244559.291566088,-252069.191365493,-269972.425512996,-185392.466636662,-195217.539541909,-194175.049068561,-163795.237740462,-166182.211704463,-162403.644670538,-239314.141153398,-214825.920254175,-183801.649103721,-251863.596088845,-245461.025220018,-272996.936940083,-273605.25188851,-204752.407757069,-208883.378882444,-211829.440948958,-213176.889923441,-199885.202179454,-210093.734771941,-196236.035401892,-211793.16372774,-234371.617924026,-209510.514777051,-266560.479564809,-250634.879320024,-174395.095276917
"15",67792.5276031261,58392.9914583945,59222.5503575529,64397.3079256885,26110.3421427659,24281.0079357889,35620.0068105584,88441.3570742948,87767.3572084419,94583.7983394078,-9244.50150560203,60653.6717635996,50541.9307760641,11171.3049999292,0,71760.3475091602,80024.5224695062,91848.9034276242,72907.1213514367,59834.5211109976,42658.3429862768,34088.295363763,23669.5230811961,-20679.64377241,-14414.1779178176,44591.2939388931,52704.5184376147,32084.6432637525,46954.9864134871,27868.7808161674,18629.1125324889,-3649.62742798566,70466.4600429694,75467.6983803541,84230.1615023624,95082.9048354008,-7758.43155185587,70336.5432768999,104755.275951655,26188.1731151186,52344.9812096748,67097.2123499682,117365.583818592,115020.318979945,6026.28272475046,39797.2614502049,-16814.6114359169,-29492.5186835022,-43748.3607884538,-61007.2471111247,-47447.5979830318,-41531.6653726635,-28513.5365224274,12039.1067037336,108469.461315174,109261.353710733,94317.9925142819,78805.8440660905,52920.0804415509,-38021.5868590798,-39605.1822091046,-49718.7648965364,-48056.0014873418,-46271.1541319045,-44175.2270073007,-78700.9547338043,-77599.0521080949,94092.5816506164,81810.768482723,66610.7965730447,12612.3844857922,-20291.677624927,-50024.0666845919,-107830.552947006,-91885.9937243245,-70419.3827306412,-51428.7605732753,-67951.7444609648,-73614.3542483273,-74114.3542483273,-69938.2155847661,-63321.1174002704,-68311.9450329388,3505.89841545594,6637.98579623009,15812.6299534899,38570.5196596073,63825.0033073961,62774.1237811102,64532.1322575041,65136.077684262,106197.333680003,46718.2801797016,42106.8990115832,-33134.3152545959,-36856.8771303063,-131633.28493998,-137383.047285671,-123019.324946815,-109492.161895526,-100537.336171523,-173789.760244615,-173789.760244615,-173213.745982572,-169793.018426985,-170637.555709837,-169772.700510255,-155070.903239318,-237488.911550524,-233387.986566159,-240897.886365564,-258801.120513067,-174221.161636733,-184046.23454198,-183003.744068632,-152623.932740533,-155010.906704534,-151232.339670609,-228142.836153469,-203654.615254246,-172630.344103791,-240692.291088916,-234289.720220089,-261825.631940154,-262433.946888581,-193581.10275714,-197712.073882514,-200658.135949029,-202005.584923512,-188713.897179525,-198922.429772012,-185064.730401963,-200621.858727811,-223200.312924097,-198339.209777122,-255389.17456488,-239463.574320095,-163223.790276988
"16",-3967.8199060341,-13367.3560507657,-12537.7971516073,-7363.03958347172,-45650.0053663942,-47479.3395733712,-36140.3406986018,16681.0095651346,16007.0096992818,22823.4508302476,-81004.8490147622,-11106.6757455606,-21218.4167330961,-60589.042509231,-71760.3475091602,0,8264.17496034602,20088.555918464,1146.77384227648,-11925.8263981626,-29102.0045228833,-37672.0521453972,-48090.824427964,-92439.9912815702,-86174.5254269778,-27169.053570267,-19055.8290715454,-39675.7042454077,-24805.3610956731,-43891.5666929928,-53131.2349766713,-75409.9749371458,-1293.88746619073,3707.35087119392,12469.8139932022,23322.5573262406,-79518.779061016,-1423.80423226027,32994.9284424953,-45572.1743940415,-19415.3662994854,-4663.13515919197,45605.2363094314,43259.9714707846,-65734.0647844097,-31963.0860589553,-88574.9589450771,-101252.866192662,-115508.708297614,-132767.594620285,-119207.945492192,-113292.012881824,-100273.884031588,-59721.2408054266,36709.1138060138,37501.0062015725,22557.6450051217,7045.4965569303,-18840.2670676092,-109781.93436824,-111365.529718265,-121479.112405697,-119816.348996502,-118031.501641065,-115935.574516461,-150461.302242964,-149359.399617255,22332.2341414562,10050.4209735629,-5149.5509361155,-59147.963023368,-92052.0251340872,-121784.414193752,-179590.900456167,-163646.341233485,-142179.730239801,-123189.108082436,-139712.091970125,-145374.701757487,-145874.701757487,-141698.563093926,-135081.464909431,-140072.292542099,-68254.4490937042,-65122.3617129301,-55947.7175556702,-33189.8278495529,-7935.34420176409,-8986.22372805001,-7228.21525165607,-6624.26982489816,34436.9861708432,-25042.0673294586,-29653.4484975769,-104894.662763756,-108617.224639466,-203393.632449141,-209143.394794831,-194779.672455975,-181252.509404686,-172297.683680683,-245550.107753775,-245550.107753775,-244974.093491733,-241553.365936145,-242397.903218998,-241533.048019415,-226831.250748479,-309249.259059684,-305148.334075319,-312658.233874724,-330561.468022227,-245981.509145893,-255806.58205114,-254764.091577792,-224384.280249693,-226771.254213694,-222992.687179769,-299903.183662629,-275414.962763406,-244390.691612952,-312452.638598076,-306050.067729249,-333585.979449314,-334194.294397741,-265341.4502663,-269472.421391675,-272418.483458189,-273765.932432672,-260474.244688685,-270682.777281172,-256825.077911123,-272382.206236971,-294960.660433257,-270099.557286282,-327149.52207404,-311223.921829255,-234984.137786148
